5000
9 886
3 6915
3 8335
4 492
3 1421
4 27
4 59
5 3926
6 3426
6 5736
5 5368
9 6429
8 1530
8 5123
5 3135
3 9802
8 3058
7 8167
3 8456
5 8042
7 7373
7 4919
2 8537
8 4324
5 4370
7 3526
5 8980
6 1873
8 9170
6 7281
3 925
6 6327
2 6505
8 1729
3 5857
6 3895
8 545
8 3367
4 364
5 3750
9 6808
6 7178
6 3584
5 2651
4 2399
6 5060
6 3368
5 12
4 8586
8 7539
5 570
4 378
5 6601
3 2902
7 492
6 756
7 280
8 9441
3 9689
6 6619
2 4729
9 8117
3 5771
3 675
7 8927
9 7856
3 2353
4 6965
4 4683
5 8624
2 2871
6 8829
9 19
8 3368
6 6715
6 8149
6 723
4 2245
8 3451
3 3555
5 7488
6 8228
3 2350
3 1500
4 7764
6 4914
5 5856
9 6491
5 8365
5 1936
2 2551
7 9228
5 5407
4 6121
4 4395
7 1237
5 3793
4 4428
9 1011
2 9529
2 2404
5 5763
7 4538
8 6840
2 4818
2 688
3 7917
7 6996
6 7743
8 2183
4 5499
6 6725
6 5590
3 8139
4 9786
7 8082
8 8464
7 9507
5 8804
6 8611
8 7828
5 7343
4 5568
6 5422
9 3810
7 1801
7 3730
8 1305
2 8736
6 8626
4 3465
6 3416
4 3258
6 7637
8 5624
2 2036
6 1899
5 5550
6 71
7 7131
3 4930
7 5894
6 163
9 7981
5 2996
9 3773
7 9668
8 1095
8 6466
6 1340
4 7684
2 5542
2 9107
7 9756
5 8418
9 9412
6 2172
5 2009
2 5210
8 7587
8 9301
3 7372
3 1255
5 4599
3 9904
5 9811
6 5667
3 6228
9 9150
2 6658
2 9224
8 7269
6 4081
8 84
6 1972
2 3850
3 5385
8 9299
2 6042
4 713
4 6190
6 2590
3 8581
5 9336
6 1155
4 8004
5 4769
3 1776
4 7255
6 8142
5 5884
3 3205
7 9567
2 613
3 2754
8 4259
2 8202
4 3506
2 2021
4 868
2 5189
2 9908
8 498
6 8808
3 6248
9 3333
7 1648
4 9754
9 1746
2 9529
6 8046
6 9797
3 6990
9 3033
5 2497
7 4892
8 9125
2 3996
9 9188
7 3729
6 2460
8 3921
6 6304
6 8027
4 6748
6 8902
4 7697
5 1043
9 2002
6 6403
6 681
9 8538
9 5151
9 2134
5 1692
9 6127
2 5629
3 964
7 6429
9 6335
3 2900
8 7971
7 289
9 7988
6 5795
9 3144
7 8390
4 5340
7 569
4 4232
7 6042
2 9117
9 6761
3 6309
8 5425
6 6367
7 4234
4 1626
6 6057
8 3168
7 358
2 7386
6 4346
8 4994
6 6552
4 3529
4 2290
9 6970
5 9080
9 8593
3 8627
2 1886
8 8355
2 90
6 9479
4 8969
7 2274
5 7641
6 5433
5 7888
4 4566
4 7284
2 417
8 2260
3 237
7 3059
3 8518
3 783
3 8458
3 7637
3 483
9 478
7 9314
9 5729
6 3459
4 9438
3 1388
4 1233
7 3681
7 358
8 699
3 1839
3 8363
8 8794
7 9847
9 7462
4 9390
6 5791
3 5115
3 6157
8 1491
5 2951
9 5021
3 3740
8 4030
4 5325
3 7516
6 3002
9 6139
6 5404
4 4580
4 9021
4 9862
6 5379
3 2685
2 9904
2 3483
9 9759
3 9744
5 9911
9 3950
6 7560
4 5105
5 49
6 8711
7 9934
5 7375
5 3614
7 3768
3 4918
7 6882
8 6982
7 4030
7 1574
8 6593
8 253
9 3074
8 4713
5 8377
4 5775
2 2919
8 6732
8 1017
4 235
3 5691
3 3943
7 6328
7 9291
8 4018
3 6836
5 5055
4 3858
4 4904
5 2661
3 9685
7 3073
6 6851
7 9250
6 6503
7 9006
5 4639
7 1120
9 226
5 7677
6 3981
3 7560
6 7955
4 3518
5 6342
6 5196
5 7321
8 4984
6 4427
4 2040
5 72
8 5830
9 347
8 2030
7 3714
5 7522
9 6924
4 9435
2 9204
4 443
4 5486
2 4278
9 262
8 9683
3 9848
5 8324
2 9122
4 7335
7 7457
7 2747
5 1776
7 5218
7 1703
7 9933
5 3959
2 2806
7 8720
6 1308
8 2698
9 6376
4 2715
6 5171
7 1559
4 4010
2 8224
7 6539
2 3378
7 5053
3 9114
4 5989
4 8067
5 5223
5 2231
6 2122
3 3875
4 179
8 2254
8 1131
7 7857
8 9181
3 4603
2 2433
8 181
9 9415
2 8825
6 8722
6 551
3 32
8 3181
4 415
3 9708
5 9999
4 2297
5 5776
4 8977
7 2587
6 3382
7 4266
5 8860
4 9211
7 9086
7 930
8 4583
4 1476
6 5820
6 7525
2 8839
7 7490
2 1360
4 7643
3 928
8 6621
8 7955
2 4225
9 4570
7 853
2 7722
9 2350
3 9097
5 9126
7 2071
5 3149
8 528
9 8398
2 6610
3 8577
4 8976
9 4552
5 6087
3 99
3 8566
2 7017
3 2735
2 1298
2 3195
2 5805
4 3428
4 2528
6 9593
8 2197
5 9672
8 6445
2 2325
7 8283
6 6127
8 5421
7 9334
9 7334
7 8159
3 2957
4 1761
4 2972
7 7716
6 1850
8 5482
9 6217
4 1173
9 6506
5 6364
8 8263
5 3172
7 3537
5 8828
9 7280
5 5856
8 8341
4 5352
3 5511
7 9517
3 3083
9 4112
6 6506
8 4667
6 1489
2 4154
2 9875
9 6141
6 2538
3 636
4 1956
6 2760
3 6814
3 4314
8 3886
9 6039
3 1535
2 2621
3 1790
3 109
9 4673
2 5735
6 4295
7 4313
3 3198
7 9355
5 7793
6 8156
2 2933
9 3286
5 5358
7 140
7 2181
3 3990
5 50
6 9954
5 8364
4 5624
5 3919
3 5844
7 1238
9 4976
9 19
7 6343
2 1956
7 2475
4 8011
9 6912
2 1729
8 6868
5 5002
8 9207
8 5216
9 2377
9 7472
7 8957
8 6125
7 6797
2 3418
7 8153
8 5474
6 5393
7 5948
3 30
7 9559
4 2160
4 6424
9 4280
3 8902
4 3480
8 7583
7 4140
6 2723
4 2557
7 431
8 4220
3 7690
7 9391
8 8270
7 7667
7 2671
6 8743
9 3899
2 7088
4 2386
3 8232
3 5710
7 30
3 9663
5 7279
8 9649
5 2351
5 7464
8 7330
8 7515
7 9915
4 3881
5 5634
7 4387
4 3287
7 9643
9 6742
4 244
6 139
5 2063
4 6353
2 5269
3 5404
7 6799
8 4819
5 435
9 853
7 2450
9 4802
7 5562
3 3610
7 5960
2 6911
7 9829
5 8816
6 821
4 3605
5 6579
3 1528
4 4447
6 4045
4 3787
5 5551
7 1386
3 9426
6 4794
6 8506
5 6092
3 9664
3 8820
2 4166
4 6354
5 8437
7 9484
7 6312
5 9017
7 5165
6 1608
7 1745
5 7422
5 6295
3 559
3 5676
6 6571
6 8925
9 172
5 4089
9 3566
8 5812
4 5196
6 3333
7 5186
5 3370
4 5568
5 6141
8 2639
7 4263
8 3590
5 6202
3 1631
2 8257
6 4571
4 4683
4 1225
9 7540
7 8972
4 634
8 5725
6 952
7 5472
8 3339
9 5883
5 7661
3 7542
2 2339
8 5344
6 7330
5 9294
7 757
9 8860
4 3292
2 1876
9 1990
3 635
9 1598
5 2741
3 570
2 2540
2 801
5 4800
6 5609
2 6440
5 2763
9 1304
3 2606
6 4523
5 4349
9 2530
5 6704
7 1986
8 5625
9 9591
5 2407
6 7131
3 4919
5 9053
2 8427
8 9819
9 7581
5 3768
5 7639
5 2438
6 7394
2 4680
4 4486
4 8752
9 4098
9 9010
3 3179
8 6066
4 4425
2 4978
7 6966
7 6748
5 2272
6 1086
2 5159
7 1900
3 1197
6 3003
5 5951
5 8498
3 9154
7 2906
8 3
7 6784
6 6797
5 3633
5 6560
7 1014
3 897
6 5097
2 8329
7 1313
9 2634
6 7914
3 8775
7 4986
4 6626
6 6616
7 9569
2 7409
8 1515
5 2833
6 7776
9 9613
4 2300
8 3786
7 763
6 6508
7 9416
9 1982
2 3540
2 8826
8 7565
4 9499
8 1546
6 9853
8 4303
8 3842
2 6534
9 9810
4 869
6 5815
2 8696
6 1382
3 9451
6 5361
9 3037
5 5861
4 5981
2 4088
9 8620
7 3293
6 6628
9 7708
4 6942
8 1996
5 7466
5 8500
5 6487
4 3332
4 5950
7 1633
5 2880
8 2293
7 2854
8 5444
5 323
4 751
9 5873
5 6465
2 8681
7 9683
5 8977
9 5014
2 769
4 4107
2 3391
6 8411
9 9587
3 7836
3 3439
3 6620
4 8371
5 3418
6 8534
5 9764
9 4697
2 6067
4 335
3 5490
3 2132
7 529
5 1690
6 8147
7 2349
9 6422
6 1968
5 2255
5 6766
3 936
7 8260
6 5220
7 9204
9 2983
6 8721
4 6997
7 7127
8 2728
3 9170
5 2798
2 9563
7 3660
5 8616
5 8223
8 4292
9 7035
3 2563
2 1862
2 9895
8 7660
2 2376
3 2173
9 4887
8 4673
3 8481
9 1929
6 3044
8 2280
6 4209
9 9747
8 2366
8 3759
3 1742
7 9401
8 3171
7 2958
5 4422
6 7755
7 9090
6 6071
5 2603
2 8320
2 9942
2 12
2 3807
9 5358
7 2894
7 158
6 1090
2 2626
8 2973
3 8865
6 3421
6 9409
9 5400
2 2786
6 9833
4 6356
9 4410
2 6631
3 6128
7 3446
8 7458
7 10
7 3165
7 1867
4 926
6 6238
5 3705
2 9562
3 3832
6 3461
3 9807
3 2497
3 2538
2 5139
4 7470
3 392
2 8542
4 2533
5 5743
2 550
7 1485
6 3720
8 5140
4 647
7 1983
7 1694
8 6630
9 5063
2 3320
4 538
8 1492
4 8422
4 7685
6 8094
6 1708
6 2802
3 1784
4 1087
7 6157
9 8602
6 8548
2 8986
4 840
3 7051
2 6956
7 7654
2 4872
6 8482
7 6088
2 2337
7 5220
5 3694
7 8014
8 282
5 2869
6 5015
3 1884
3 9299
6 754
8 3236
8 292
4 6158
6 6023
3 7721
9 7569
4 6260
8 7902
5 6147
6 1089
7 6439
8 8017
8 5375
7 4511
4 8978
3 7377
8 2976
7 2161
8 2833
2 127
4 2999
3 3316
6 6839
4 5567
4 3486
2 5767
7 6966
2 435
7 37
4 9719
9 212
2 3934
6 1117
9 8674
8 631
4 7208
8 2851
7 9242
4 4447
3 2676
8 4169
5 563
9 4931
9 6180
2 2297
6 6688
7 2996
8 8401
4 3069
6 4416
6 8582
3 3682
3 8502
7 1123
7 6790
9 7235
2 4946
9 8447
7 1502
6 7549
9 528
7 9013
6 7563
8 3990
2 7194
9 7036
2 6384
9 7209
8 2700
6 539
4 4835
9 450
7 1926
4 2362
6 9878
2 3579
8 6853
2 6634
3 2711
3 4105
3 1736
8 2034
2 4565
5 5710
3 6632
3 3107
5 376
8 7601
8 5160
5 2082
8 6227
8 1796
3 958
8 6554
7 5407
5 9927
9 1801
3 7967
8 260
7 6335
6 2631
5 4712
9 9353
3 1662
3 8628
2 9551
2 2110
5 641
7 2481
5 3090
3 7854
3 7736
2 7682
2 8726
9 5733
8 1187
6 857
5 7724
4 4564
4 4723
3 5834
4 4401
3 8325
4 7366
8 8589
2 5047
5 9826
2 8803
6 4840
4 8155
7 1648
9 5290
3 7946
8 9067
9 5104
8 8408
4 768
3 5235
7 555
3 6251
2 9410
5 8291
6 435
9 9448
5 3681
6 2200
3 9651
4 7834
7 9560
7 9164
2 7043
6 1955
5 6733
8 3256
2 2496
5 9136
4 3510
6 3846
3 875
8 1924
6 7250
7 9885
7 4319
9 3555
2 7324
9 4896
9 6644
5 8530
3 6746
4 3370
4 7645
4 3852
6 6286
4 7805
3 7344
4 4421
5 207
4 4200
8 4729
5 4758
7 3179
9 2772
9 9210
8 5904
6 9440
4 7902
8 4485
4 946
5 5804
9 637
7 4833
4 448
2 2069
2 2271
8 5108
7 1556
9 9388
2 4462
9 1983
8 7259
9 2345
4 4861
8 5972
9 6657
3 911
8 7630
2 5057
8 7137
8 9078
2 6628
4 9141
2 8825
4 8865
9 9833
2 6358
6 8623
9 1310
7 4589
5 5644
8 5412
5 4893
4 2300
8 1120
7 3428
8 1549
2 737
4 8241
4 1924
4 5554
7 658
2 1554
3 3319
2 9118
6 6499
5 5506
9 1318
9 1305
4 6701
3 2111
3 5328
6 186
3 7055
5 4683
5 4589
7 7089
9 4853
5 880
6 4211
9 8784
9 1114
5 5326
2 1042
2 5107
2 1761
4 4225
3 7231
5 2210
8 1894
8 9617
5 3483
4 8082
3 8053
5 9213
3 5314
8 5680
6 8641
8 1564
5 7638
9 131
2 242
7 5545
3 7824
6 4463
9 1002
2 8906
7 3491
7 9174
2 8656
6 161
4 2738
3 3102
5 6848
4 3766
8 4042
4 2942
6 959
2 4461
9 2596
6 1206
8 9356
3 4435
9 3454
4 744
8 4702
3 2432
2 9451
8 5171
5 2904
3 3489
4 5539
2 7582
4 1272
5 7986
6 7319
2 3818
6 5657
7 5875
9 8215
5 3925
7 3877
7 6709
2 4595
2 2331
6 3522
6 4446
7 4956
7 8264
6 424
4 6448
2 1794
4 772
6 4872
9 9267
9 9619
3 8709
2 2254
4 9528
4 6355
5 4350
7 4031
6 1642
6 7177
4 1568
4 2508
3 1698
9 987
8 8107
5 5469
8 8003
2 3271
2 1288
8 1186
2 2376
7 9027
8 122
5 8226
7 8399
6 8023
9 9358
6 688
2 1187
6 6230
8 239
5 9372
4 9492
6 1306
6 4522
7 7949
4 6386
2 9976
7 6387
4 4626
4 9958
3 7458
6 3181
4 9428
2 6174
4 14
8 62
5 4656
4 4735
5 334
3 1160
5 2507
4 7964
5 4055
9 7037
3 1842
6 7683
6 5368
2 7446
7 7937
7 3159
9 6387
7 42
5 2775
3 9710
8 386
8 4097
7 8417
7 1728
2 9117
8 3858
9 8466
7 259
4 5109
3 1335
8 4030
9 3702
3 7716
2 7813
6 4874
5 6306
6 8394
5 4506
5 8817
4 8339
8 1352
7 8893
4 6442
2 5
2 5913
6 7302
2 2187
6 361
2 1101
8 6748
9 2050
8 3939
6 9809
7 6311
4 4680
4 2912
2 9552
7 2203
4 3661
2 250
9 6252
3 5871
2 8557
2 1048
4 7111
6 8337
3 3554
7 8661
5 7074
6 8342
4 2326
8 4139
8 5764
8 4225
3 4902
5 1704
4 8380
9 5946
4 160
4 9300
9 1142
8 5488
2 2619
7 4412
7 1825
4 1448
9 360
5 2382
6 1929
9 1902
9 3786
8 4337
9 7534
6 1809
8 3630
7 7669
7 1451
7 2173
8 3658
3 3764
5 9339
6 5986
6 3503
2 2176
2 1327
8 4967
4 4037
2 3633
5 2292
4 5617
5 9255
8 3400
5 9147
7 4777
7 2159
7 992
4 6457
4 3902
2 5347
9 1744
4 2861
9 4492
4 2368
7 4821
6 6271
8 3287
9 2780
9 2586
9 8613
5 7436
6 8609
6 4974
4 1759
7 5027
4 7660
5 6484
3 9835
3 124
5 8158
3 3215
8 8088
9 2661
6 9542
9 5500
5 8962
2 1631
5 7717
8 2638
6 8187
3 2934
9 7140
4 9072
9 9451
6 1882
4 494
4 8392
8 7953
7 5802
9 2652
8 8355
8 591
4 5538
6 2944
2 488
5 8545
8 6034
7 5544
5 5365
6 655
9 2606
7 8697
8 6083
4 8403
8 6850
9 5892
7 9021
5 5191
9 7495
2 5439
9 8323
2 7757
8 8726
8 9465
5 4650
2 7690
2 7622
6 958
3 9390
3 8295
2 6768
6 7797
7 3375
7 3053
9 3829
6 1558
2 1533
6 6510
5 8970
9 4350
6 8800
2 3580
8 4780
4 2831
5 3899
9 6763
5 8019
3 5512
4 254
7 4969
5 9762
2 2587
9 2196
4 1554
8 4129
2 1138
3 4296
8 2055
7 5608
9 9600
5 8718
5 2878
3 3628
8 835
4 3308
7 4317
8 8685
3 7069
3 8707
9 8399
6 879
3 2118
9 607
7 6956
9 5412
6 2074
4 1976
2 7219
6 6046
9 5839
4 212
6 5128
3 9765
7 6130
2 7172
3 7661
5 418
5 2283
3 6656
9 9944
7 4852
4 2551
6 6026
5 8784
2 530
9 7779
8 7484
5 5991
3 7809
3 2074
7 3002
9 5737
6 5866
6 3501
4 3611
7 943
9 8167
9 1643
3 2322
6 2617
6 4107
6 6298
9 6008
3 5193
3 762
5 5150
6 3354
9 6240
6 5259
7 4446
9 9538
8 38
3 1589
4 8250
9 4814
5 9467
3 7616
7 6865
2 4406
4 7441
2 9325
9 7988
9 9831
6 8251
4 3969
3 313
5 791
2 3916
6 8386
8 8995
2 9385
8 8473
3 579
4 6977
3 7396
4 2857
3 3362
7 2104
3 1425
5 4635
4 9405
7 1605
6 1653
3 5281
9 4039
6 9591
3 9091
2 3130
8 9755
6 7360
9 4526
3 6577
2 7415
3 7433
2 5389
7 6939
4 3370
2 7694
9 6770
9 1414
3 3604
7 6938
9 5421
7 5069
2 177
7 8680
9 8999
3 5296
8 3938
3 7958
9 7502
3 6825
2 6146
2 2247
6 3847
7 77
5 1018
2 6498
2 3437
2 1616
8 349
2 1021
6 1905
7 8466
6 1751
3 7875
7 4026
7 2830
6 1925
7 3088
6 1443
8 9576
7 2886
4 8901
5 3994
8 6289
2 3518
8 6396
2 6332
9 7620
5 7640
9 6392
4 2900
8 4543
3 7004
9 6950
9 3501
8 908
5 5304
4 9062
5 3032
9 6347
8 5366
9 8326
4 3958
4 8837
8 498
7 5969
8 804
2 4576
2 847
8 6255
7 7108
5 736
6 9677
9 4415
7 7854
4 5612
6 6210
4 1270
2 8941
5 4471
9 1689
2 9189
7 7304
7 6653
9 4347
6 8852
9 6423
7 6572
7 2092
5 5162
4 4454
8 9519
2 3769
7 7184
8 7249
9 8501
4 8447
4 7783
9 512
6 6607
5 3696
5 9019
9 7752
9 8924
6 2930
9 6143
2 7565
8 752
8 2803
3 396
6 2296
3 1694
2 9292
7 9199
6 6617
8 7367
3 322
4 3137
4 1977
7 4271
6 2500
8 4996
4 8780
7 1400
9 38
7 4340
8 7046
4 9430
4 8216
8 8846
3 3492
8 7851
8 8952
6 8241
4 5753
2 2190
8 5630
4 4672
4 9287
2 8697
7 4221
7 1660
6 1776
4 310
2 2424
7 7529
7 8075
6 6083
5 2720
6 4309
4 3188
5 3080
4 38
2 5932
7 176
8 8651
8 371
9 8370
5 457
2 8491
4 541
7 1503
2 7753
4 1996
4 8263
3 1652
5 9157
6 9326
5 8836
4 8520
6 2592
5 9762
6 6538
6 1463
6 3165
5 2582
4 2328
7 5027
3 4375
9 3259
8 3328
9 3146
7 5995
2 8032
9 4082
3 196
5 6428
8 9639
9 4443
8 2667
2 3761
3 370
3 2038
7 8875
7 2420
8 1756
7 3398
8 938
3 7374
5 6929
2 8228
7 8131
2 3435
4 6679
8 1577
4 8190
4 947
3 4132
3 310
9 5751
5 1493
5 7536
5 2409
4 6989
9 149
8 7591
3 7395
5 5738
8 6197
3 1413
8 8116
5 9465
9 868
7 4753
5 2956
2 6614
3 715
8 8397
6 8976
4 5611
8 2008
4 3855
5 5277
3 6585
5 2011
8 5601
9 306
4 5542
8 1367
9 2353
5 3503
9 1477
4 9469
4 3694
8 7964
3 3924
6 8860
5 5727
3 3725
2 1964
2 3015
8 2215
3 8984
7 4495
2 757
3 1027
6 8520
2 4831
8 5082
7 2788
8 4183
2 9370
5 4491
3 3532
2 6466
3 304
3 3063
9 9154
9 2981
3 8751
4 3202
5 702
5 4987
7 6065
8 411
7 9468
4 1917
9 3989
2 2992
3 7329
4 9370
3 5291
3 2857
7 3537
8 799
2 2280
3 4771
8 8428
9 1220
7 6181
9 6050
3 8929
9 7192
8 7080
3 3143
3 2347
4 8394
9 4003
5 4788
6 9793
5 6181
3 5941
2 4112
3 7063
6 1567
6 3315
3 5246
6 8289
8 1514
3 5327
3 6130
5 9875
6 1666
9 8480
8 7771
3 2042
2 9403
9 1257
5 5056
2 8847
9 7917
4 6945
5 758
4 1953
2 3307
3 9633
7 1308
7 3017
8 6092
3 9428
9 2475
8 6872
8 2157
3 1745
8 9153
2 6541
8 5458
8 6585
2 1424
5 1192
5 2172
3 6872
2 3038
4 2806
4 4091
4 2050
8 6409
4 1148
8 9755
7 8484
6 6189
4 5979
9 1216
6 4215
3 7455
9 76
5 2585
7 5811
9 5895
3 3810
4 3556
6 9257
7 7486
7 1235
3 6003
2 6149
2 7450
2 3840
4 7397
9 4011
6 9815
2 7184
2 93
5 727
6 4317
3 5974
3 3101
9 4190
5 8341
3 7828
2 4201
4 2888
5 8810
2 3022
9 1136
3 3764
9 177
6 6055
8 6647
8 6258
6 7672
3 8837
7 168
5 1361
7 7509
7 5557
8 9519
8 6066
4 7878
2 7241
8 8825
7 2669
5 4657
6 5625
3 5507
6 2269
5 469
5 304
7 3190
3 1851
5 7207
2 8762
8 2206
6 7760
7 268
4 5451
7 8711
3 800
3 6845
4 1026
2 4662
9 8235
5 7106
6 2120
3 6557
5 3700
6 7732
8 3195
4 3642
5 6375
8 5013
5 2060
7 6300
6 3446
3 5638
2 4554
6 471
7 5431
4 7681
2 579
9 4227
9 707
9 3094
8 4602
2 3914
3 9703
9 5508
5 5356
2 975
4 4010
8 5978
6 6914
4 1353
4 380
5 8954
9 5978
7 5238
7 7845
6 9644
9 7773
8 6128
6 8837
7 5591
4 6149
8 5700
9 9532
9 8723
9 8129
7 1497
7 1816
5 5820
4 6336
4 7183
7 2095
5 9332
6 6737
7 48
9 9802
9 2473
9 4909
7 2463
4 6204
4 3593
7 319
4 5546
9 8245
8 2633
7 8777
3 5115
2 9348
9 7092
8 2612
6 4365
8 9131
8 1070
2 7715
7 1186
2 7423
5 957
9 6221
2 2582
4 4222
2 1752
9 4089
5 3871
7 4018
5 2227
9 4455
2 1749
4 6134
5 6683
4 2704
7 474
2 2649
9 4223
8 639
7 2393
8 4725
3 4213
8 7364
7 4956
8 1752
9 717
2 6480
5 8850
8 5286
7 9168
9 3403
4 4471
6 3778
8 3978
3 4555
5 9279
3 6868
7 799
2 4282
5 8319
4 9291
6 8594
5 4207
7 1089
8 9330
4 3837
7 2604
6 1489
8 6058
6 800
7 8191
9 6246
6 6276
8 1996
8 9153
5 2945
6 2056
5 567
9 1688
3 2109
5 4619
4 6456
9 6958
4 3606
2 6118
8 9982
7 3541
6 2073
4 9626
8 6728
6 737
3 3576
3 7565
2 5409
7 8505
8 6624
6 6169
3 347
9 3731
3 2496
3 1063
8 510
7 5058
2 775
7 9358
9 3465
9 3529
3 5593
8 7537
4 6699
4 1224
6 5518
3 9109
4 3225
2 2523
3 9041
5 4551
9 896
3 1191
9 4294
7 1878
9 6997
9 1153
8 2853
4 6296
3 3789
2 1933
5 7618
4 7877
5 6586
3 2916
5 6692
5 7882
6 3428
4 8315
5 5975
3 1834
6 8305
5 1914
8 734
4 3415
5 8435
6 182
7 9094
6 6896
2 4813
6 4011
3 3631
8 8149
5 7320
2 1134
9 9361
3 2620
4 5012
8 5177
4 5449
2 6621
6 6645
6 9937
5 1216
3 4124
7 9349
9 6590
6 6381
5 6391
7 3907
8 9701
6 6847
3 7287
5 9559
2 310
2 3760
5 5244
7 87
7 8849
9 4718
7 6388
5 3812
4 3399
4 4069
9 2951
2 3669
6 7597
6 7677
6 5079
7 3700
7 4949
6 8673
4 4218
2 1727
5 9120
8 5096
6 6865
6 4839
3 1806
6 6408
8 9589
7 114
4 3297
2 4774
2 1381
4 118
4 2286
9 2876
2 255
6 8627
9 7402
5 1236
5 5336
5 7236
8 7687
6 4604
6 73
9 7166
4 8863
6 4451
6 6766
3 9278
7 6064
5 8261
9 3111
3 8399
3 3316
5 1132
6 8414
3 8499
7 8365
9 9730
9 526
2 865
7 8837
6 2337
5 2589
2 1008
7 123
8 7677
4 5215
6 6451
5 8415
9 9888
7 8656
5 9282
8 4194
6 8165
3 5909
8 462
4 7051
2 6701
2 768
8 4646
5 6036
5 6829
5 1103
2 2486
8 7215
8 2699
2 3465
7 9246
6 994
5 2381
9 9145
5 4353
6 1995
8 2189
5 1468
5 6358
2 5510
5 1459
7 6467
4 2483
5 2672
8 5907
4 3515
3 150
7 8916
5 7764
7 8078
7 610
4 9524
9 9189
2 9634
6 1201
2 8735
6 4461
5 2958
2 1590
9 4830
3 8121
3 2650
9 5559
8 3506
5 2331
2 8145
7 8010
7 5740
2 1365
8 9100
8 9574
5 5227
5 5742
3 3683
6 168
3 4829
3 9563
9 9264
4 1749
4 1149
3 707
8 7022
7 3315
5 5917
3 7193
3 7247
2 9205
4 7155
5 3364
9 8632
6 2056
7 878
5 3645
8 9445
4 9265
5 5827
6 9889
4 8689
7 8317
9 7886
8 2328
7 8630
7 6664
4 9185
6 2977
3 6264
3 7630
8 5709
5 3637
4 3022
8 2101
3 9226
9 8051
5 1548
2 5226
4 4583
5 7271
7 1792
9 5351
3 6667
2 5146
6 6066
3 6426
9 404
9 3281
4 9317
9 8628
9 78
9 2811
4 2104
7 7412
9 8296
5 6252
3 7675
6 3770
8 6284
7 7274
8 8046
7 6829
4 116
9 8229
4 8198
3 4329
6 9888
6 6254
2 1530
4 5031
4 7405
6 2619
2 9240
8 9423
6 1659
3 6931
3 3102
2 859
5 6575
2 5357
7 5945
8 9401
4 9531
9 530
7 5673
4 3591
9 3198
5 8159
8 5305
8 666
6 6984
7 9373
8 7710
2 6009
7 5673
8 5411
4 3757
6 6508
2 468
9 701
7 8953
6 1924
9 9559
6 7293
2 4018
9 4532
4 1909
3 7441
5 6842
4 256
5 7521
5 6837
8 6832
4 918
6 385
5 6145
4 4967
8 7841
9 4506
8 5743
6 9445
6 5879
4 6885
2 3677
9 9474
8 2594
5 5953
2 977
3 9130
9 2789
5 2570
9 5205
4 9709
8 8417
9 884
2 9091
3 7140
4 740
4 7346
3 4105
7 1055
6 168
3 2484
4 2498
8 5745
2 7481
6 6927
8 2206
6 4788
9 7203
2 7487
8 5057
6 3969
7 8654
5 6567
9 4488
8 5811
3 983
9 8507
4 2613
6 5122
8 8920
3 5484
8 5037
2 4453
2 2296
7 1238
4 2921
9 3151
9 9227
8 7038
5 3693
4 7428
6 3849
9 4510
9 2892
2 2909
6 4385
4 5643
8 5018
2 4366
5 4741
7 1021
8 9868
6 1941
9 6595
6 5515
2 8182
9 7668
9 5231
5 1198
5 867
6 2639
7 5206
4 1027
2 4731
4 3891
2 3703
2 3487
5 1789
6 5371
2 760
8 1376
8 181
6 3678
6 279
6 6239
5 5336
9 2752
8 7161
5 7119
6 1877
4 4069
6 8627
6 1856
2 5688
5 1504
3 4465
2 1743
8 980
7 6411
6 6650
4 8759
4 1529
9 5233
5 7994
2 9639
2 2418
6 8156
7 3968
6 4165
3 9943
7 2458
2 4901
3 1759
4 2327
4 9846
3 3524
7 19
8 6468
6 6449
8 6660
2 686
9 2501
5 6476
7 7911
4 8830
9 2663
2 4967
7 8194
8 6151
3 7600
7 2202
7 4602
7 2531
8 178
6 8236
8 1420
5 5917
3 470
4 6743
7 5740
7 8940
5 9566
6 2320
2 3338
9 985
5 820
5 8416
8 8112
5 9196
4 9927
3 1481
5 9060
8 7973
4 2496
6 615
6 2993
6 2992
9 6168
2 3023
4 6488
2 3149
6 9899
7 5435
6 2512
9 2654
9 4768
9 2843
6 4238
2 9710
8 8236
8 1323
7 6234
5 6493
4 5979
6 8260
5 9877
4 6128
2 9327
5 4140
2 8898
5 631
5 3634
4 7495
2 642
8 959
8 3884
4 2812
8 2949
3 8872
2 5173
6 4100
4 1246
6 7531
8 4495
9 8766
3 7522
7 7060
7 9224
6 5381
4 4466
6 1449
8 1326
7 1172
5 6270
6 2260
5 3528
2 5550
9 2940
3 8053
5 1104
5 7180
5 2568
3 6136
2 7853
7 4363
9 6914
6 3373
2 9129
3 5220
9 941
2 5898
7 192
2 1948
6 4529
3 3271
4 3172
5 6965
7 7396
7 3885
3 3674
2 272
6 6764
7 5181
7 4542
3 3996
5 585
9 2657
3 1343
7 261
3 959
6 563
5 6687
2 6224
6 3333
8 2037
9 4710
8 7596
5 2307
3 72
4 2234
7 5037
5 3964
8 9948
5 8652
3 7532
5 6445
9 94
6 1975
9 9920
6 6429
8 8668
5 620
2 5318
9 1745
9 6129
5 5812
9 3150
2 8861
4 5083
3 9659
2 3476
2 3415
5 1940
9 6242
7 3403
9 3819
9 2866
9 4687
3 3718
2 9928
2 6763
6 7367
3 1868
6 9363
9 6446
8 2271
4 1478
9 6197
5 3782
9 1632
3 7814
5 5609
3 6242
2 5218
2 3081
4 2512
6 3590
9 6110
4 8812
3 5113
4 848
3 7884
8 5776
4 8449
8 2873
3 9447
2 1884
2 4073
8 5353
5 791
4 7141
9 982
5 9535
6 2541
5 5270
8 9957
8 1391
3 1148
9 8275
8 9429
7 9679
7 893
6 285
8 2394
8 4257
3 6776
8 6489
9 4833
2 1203
8 723
3 7732
2 8943
6 1225
6 2643
7 2394
3 9706
3 3654
9 6341
5 5565
2 5930
8 1921
4 3924
4 3169
7 7138
7 8835
7 7198
9 1245
8 2043
9 5290
9 1028
6 9464
8 6109
8 7685
5 7057
4 1187
5 5776
6 8398
6 4223
9 1161
3 2292
6 5575
5 2915
6 4689
9 8347
5 5998
9 4015
8 6461
6 4932
4 8927
7 3748
4 7681
6 5927
9 8280
8 350
3 7863
5 2141
8 1190
3 9315
9 6368
8 2210
8 3390
3 4180
5 2701
2 3998
7 7453
4 4447
8 6327
8 3917
9 6876
6 401
6 9615
8 882
7 303
7 3036
9 4212
8 1741
4 4175
3 3805
6 7737
5 1209
9 8254
3 6677
7 2383
5 5540
6 7567
7 352
8 7540
4 691
5 4136
9 867
6 5325
2 8654
6 1234
5 9080
5 6615
4 514
7 2299
2 2154
4 491
8 3942
4 6340
8 7944
2 4585
5 8075
3 8714
8 9773
9 4255
5 6243
3 7238
5 4460
7 1965
9 1426
2 4871
6 8947
4 1275
3 9772
9 6240
6 7847
3 2703
4 5898
3 1217
9 8160
2 6802
5 7313
2 6078
7 4246
6 9452
2 8660
5 9253
9 6037
2 3201
3 847
3 6229
8 266
6 7320
6 3053
3 4539
7 6713
7 8320
4 5381
9 8504
5 5147
6 1652
9 8632
3 7767
7 489
2 6831
2 409
6 2734
5 4697
8 9543
8 4944
4 1668
3 5423
6 2036
6 7091
6 3136
8 8496
6 2398
2 8397
7 8150
8 1133
7 2926
8 4393
6 4921
4 2066
2 3193
4 4898
7 5020
3 1201
2 3829
7 3948
7 531
6 4457
3 2277
8 9446
5 4444
5 1760
4 4825
3 3030
4 5244
3 6914
7 4811
6 9650
9 8485
5 3239
5 5496
5 5632
6 2336
4 1661
7 5648
6 1392
7 4391
2 3815
3 9305
8 1667
7 4647
8 5690
4 6746
6 5642
2 8896
3 251
2 8773
5 3124
7 8677
4 2074
8 2246
4 771
7 6618
4 8558
5 4136
4 3177
9 5160
5 4594
4 6912
6 9842
2 5469
7 6552
4 8681
7 1703
8 7167
3 8036
7 3595
9 8754
7 9746
3 2489
4 7539
4 9018
5 885
6 7309
7 200
2 9957
7 9949
8 6264
8 8891
9 2341
4 4449
3 8175
6 5537
3 4610
5 4242
5 1869
7 9117
9 7184
4 851
8 504
5 4350
7 3073
5 9675
3 5634
8 3656
9 7328
3 4704
9 2502
3 8785
2 1876
5 4211
4 7513
2 985
3 2386
7 1895
4 9240
7 6056
3 6897
5 8002
5 7002
5 6858
4 6116
4 2538
4 1804
5 5730
2 702
7 6482
9 2325
6 9265
2 5657
2 306
3 7406
4 9915
9 8446
7 9538
2 9576
6 2482
7 4310
6 7015
4 6343
4 8851
8 1743
7 5261
7 2801
8 1485
4 2039
9 2412
7 8154
9 6452
2 244
8 8400
7 5090
4 4570
2 2255
3 1867
8 683
8 1996
5 6051
4 9200
7 4488
7 6367
9 2476
5 8676
8 7458
2 9934
9 3822
8 228
2 1921
8 8313
2 2735
6 5478
5 898
5 8550
7 7437
8 8506
7 4787
4 1157
9 5
3 598
2 1314
6 1519
2 5219
5 4049
6 9249
4 4020
2 8894
4 1755
2 3325
3 9445
4 4407
2 5392
4 5530
7 9162
9 2734
2 5703
2 6644
8 5537
9 1673
4 1707
4 4652
9 9259
4 5226
8 6042
9 4024
9 5666
9 6143
4 330
3 3959
6 9913
7 5604
2 7094
2 9191
9 6816
2 8569
5 4491
7 603
8 3119
7 1116
3 7084
6 1000
8 9924
2 160
8 1521
9 6098
4 7165
8 7051
5 302
4 3242
8 9810
5 1994
7 7736
7 4403
9 4778
2 2720
8 7012
2 965
2 3568
7 3542
4 1597
2 2876
4 7694
9 9373
7 5225
9 1467
6 7130
7 2041
4 2410
7 8425
6 8317
3 5403
3 7569
2 2266
4 197
2 8932
4 1801
2 3260
9 4440
3 3844
3 1600
2 7405
4 5125
9 6300
2 2244
7 1076
3 8574
9 5890
2 1903
6 9986
7 6669
8 6599
8 7078
6 7965
8 8845
4 3888
8 7122
7 1880
9 7092
7 2487
2 5610
6 6249
3 2747
6 6681
5 9352
5 9456
7 1937
9 4491
9 5915
3 3238
3 4267
8 1559
7 1123
9 2692
2 7972
6 256
9 5096
4 4120
5 7702
3 5198
8 3820
8 3076
7 7062
9 4772
3 6376
4 4090
5 7840
3 1088
6 1793
7 9884
7 8961
6 9700
3 5702
6 4604
6 7325
5 459
3 809
9 6902
9 7454
5 7201
9 8741
5 7178
8 9645
5 8250
8 2048
8 7555
3 978
2 7770
3 3780
8 6437
4 8529
2 8603
5 3135
4 3562
8 9885
5 7125
4 4759
9 1560
6 8922
4 5842
4 4296
7 4683
5 7005
7 8308
4 4828
3 4596
7 7994
9 9048
3 5057
5 8071
8 6078
6 6273
7 5852
3 1593
8 3996
5 2097
6 3537
6 6271
8 9234
5 4032
8 5677
6 123
9 8180
6 7504
7 4487
2 884
7 7124
7 4107
2 1342
6 4103
4 5840
2 6335
3 2980
8 6271
8 3538
2 8980
9 1636
2 5590
2 980
8 5758
5 5022
4 5088
5 6503
5 1475
7 7600
4 5888
2 8130
9 9169
9 1181
2 6029
9 4800
4 286
7 466
6 8957
8 5323
5 9617
3 4061
3 5196
6 253
2 4762
7 8602
4 3997
7 9225
8 548
8 7662
3 1478
9 7939
6 5252
7 345
3 2555
6 5277
6 8717
4 9582
4 6255
5 6938
3 392
6 8019
7 4977
6 259
7 4002
3 8455
2 6736
4 9949
6 7504
8 8902
5 2314
5 4936
9 6221
8 1297
6 7057
5 6197
3 6480
2 894
3 4164
3 3335
9 5426
8 6351
5 4536
6 3207
2 2946
7 8452
6 5344
6 8996
8 610
7 6746
5 1233
2 7820
3 9864
4 5522
7 6219
3 8548
7 3351
5 2864
2 3904
2 9928
4 885
6 4815
8 4472
5 4148
4 3160
8 9101
3 6542
3 4810
9 8339
7 436
8 1894
2 5260
8 2939
6 9486
5 548
8 6398
4 499
7 4016
5 7728
6 6406
2 5410
5 1634
3 5133
6 4712
2 9481
6 735
2 3188
5 2974
9 471
6 9323
6 8226
3 8806
7 3286
8 49
8 7338
9 4606
6 8314
2 7405
9 5389
7 3272
8 6321
9 6246
7 6354
6 1989
3 8032
2 4197
5 9737
5 4984
9 8529
3 3093
5 7840
5 1320
5 292
7 9602
3 3547
4 6903
6 3233
8 5730
5 5074
9 9117
5 1735
4 9366
2 9022
8 7199
9 2088
6 9771
2 7991
5 2435
5 6168
8 6668
5 1264
6 5936
4 9426
4 3141
6 5737
4 7607
2 1925
7 8944
5 4028
9 4850
6 6435
7 2396
4 5712
2 5414
3 3222
4 7948
8 8358
6 8040
2 1902
8 2285
9 9792
6 5111
7 9570
9 9016
8 2902
5 6066
3 4840
8 6468
3 9646
4 8786
6 6668
8 59
5 3323
5 9163
3 5633
2 2865
4 7693
2 3495
9 8384
2 7213
8 2731
9 3328
5 4445
6 4476
6 8030
8 9664
4 9053
5 2429
2 527
3 3953
2 9393
4 4290
8 1147
4 701
5 6650
4 3521
7 7545
3 9656
9 6645
7 8787
5 6451
5 8430
2 879
5 4232
8 8804
4 270
8 5004
3 1636
9 8699
4 8386
7 2956
6 3786
8 5109
4 5197
5 279
2 5486
5 8787
6 4939
4 1128
6 3776
6 7358
9 834
4 4960
9 7570
5 3865
6 8064
7 4216
4 27
8 7996
2 3785
6 1912
9 7711
6 9540
4 3070
6 8174
9 3304
6 7246
5 6951
8 5666
3 8569
5 6829
3 2704
8 4835
6 6724
9 4308
7 3811
7 6132
4 3273
2 6877
9 2692
5 9542
7 3288
6 2840
9 8994
4 1112
5 4389
7 548
7 5339
9 6177
9 919
8 5276
4 3059
3 8957
6 7081
4 9027
8 3589
4 8475
7 1710
5 3468
3 6173
6 972
4 5226
3 4007
7 9608
3 5333
9 7023
3 4314
4 8370
9 2766
6 1809
3 7930
8 3067
7 8628
4 4072
2 8187
7 9381
9 7159
9 3384
8 7876
3 1351
3 6224
8 171
4 8456
7 161
8 3049
4 2072
5 3721
5 3736
7 2621
2 797
2 4405
4 9968
6 7489
2 2731
8 2697
4 4927
4 8809
4 2164
3 2696
8 1192
3 7000
2 6725
3 1107
7 9422
3 974
6 4537
5 3102
3 3296
2 562
5 5958
5 6461
7 4885
8 8688
4 5240
2 2080
2 7129
2 2400
8 6154
5 3372
2 7236
4 2148
8 6077
5 2631
7 2195
3 5400
3 2805
8 1742
4 9836
8 7444
6 4518
6 7860
2 4957
6 8206
9 3768
4 3039
6 2276
6 9130
4 6791
4 7727
4 7659
2 9843
2 4046
3 859
4 4720
9 5311
8 4180
5 7238
3 9784
7 6600
2 9727
9 7260
6 7531
9 6710
4 857
7 6012
6 269
9 1685
5 3793
2 4550
3 7199
7 4103
5 3032
8 3220
2 9491
6 9072
4 8516
7 7574
9 9076
6 6722
7 1426
8 4801
9 4942
8 2363
9 5382
3 3600
8 6774
9 3017
8 1749
8 5327
2 8762
9 459
8 7084
3 9678
2 5022
2 2445
2 5486
9 4495
6 85
4 1867
6 123
5 7106
3 5875
5 9408
2 2713
9 8865
6 1838
6 5106
5 6413
2 1435
5 7536
3 4235
9 7480
5 6155
7 1941
9 5737
3 6194
5 8962
7 9319
4 6046
2 5809
9 9860
2 6939
9 2923
2 6103
8 1140
2 8239
9 9367
9 4106
4 9637
2 9897
8 4465
6 922
5 4513
3 4502
9 8625
9 8174
8 4311
3 6157
4 4818
6 1593
8 8604
2 7685
5 8256
2 9846
7 544
9 5971
3 8539
7 4788
7 9838
4 9964
2 5954
5 9654
3 9604
5 7500
8 775
7 3084
6 1629
4 7351
7 5266
7 4130
4 3293
8 7171
2 9699
9 1237
4 7602
4 706
6 2045
2 173
3 8875
3 5128
4 9470
6 5382
6 1686
8 7337
2 2635
6 5466
2 7922
7 465
7 7301
8 9863
9 5608
3 1163
7 7281
2 8359
6 1714
9 4863
2 4403
7 8636
4 5683
8 5746
9 3794
7 6951
6 6554
2 8393
9 1823
3 1462
9 5178
3 4141
6 6666
6 1320
6 2339
9 5916
8 2781
3 9184
2 6879
5 9487
3 2496
9 1445
4 6559
8 9258
8 8095
2 2166
4 6050
5 2086
6 5159
8 3800
4 2294
6 6944
5 6973
3 6243
6 3764
5 7229
6 8522
4 1662
3 8513
2 9816
2 4345
8 6234
5 993
2 5815
2 4431
9 6354
7 5683
4 4504
3 2131
5 2861
9 2830
5 4859
2 5117
4 9138
8 146
4 6591
5 3640
3 7590
3 3850
7 7137
3 9372
5 7710
2 3141
8 417
3 5665
8 3872
2 6073
6 6200
9 1606
4 1173
2 6996
6 2596
6 3294
4 5269
2 9944
8 8129
6 2249
9 3428
9 4405
7 3368
8 9828
2 4918
7 2324
9 7092
4 9161
4 5683
8 8734
9 6794
6 4817
2 9172
3 7174
7 3134
2 9492
4 3871
3 6760
9 6672
6 7183
8 2489
6 5413
8 3438
9 6904
3 3437
8 104
9 7667
4 1351
9 8739
8 6845
3 654
3 8436
7 9291
6 8116
5 8136
5 257
3 4807
9 2911
8 2950
9 71
5 1806
2 9322
3 4154
4 9016
7 5552
7 4767
8 4903
5 731
4 4751
9 6509
9 498
8 6216
4 8789
2 6256
5 1647
9 7182
7 9207
3 9278
3 9883
9 6255
5 508
8 7993
5 6929
6 9605
2 275
4 7271
7 9233
9 2431
8 5319
9 8818
9 1367
2 6772
8 5209
5 288
6 698
9 6879
8 269
2 6618
8 2652
9 5230
9 5042
7 3701
5 2340
6 1353
6 1172
5 979
5 8876
9 9465
7 154
3 5530
6 9000
3 2059
7 6338
7 6467
8 3956
3 1918
8 550
5 5977
5 4455
5 6903
5 206
4 870
4 5633
2 9520
6 2793
4 2992
4 163
5 3767
7 6432
5 1844
7 4636
4 5739
5 2085
7 4430
6 1752
7 4872
8 9215
8 3745
2 8782
3 3340
2 1019
7 6074
8 7736
3 388
3 6428
2 910
3 2346
3 2604
9 1070
4 3675
8 4719
5 7485
8 6994
8 1486
2 7199
5 3704
4 7512
4 2104
2 5972
6 5769
2 1076
9 9817
8 6033
7 4205
9 5807
3 2630
8 2780
5 812
8 4049
5 5551
2 3478
9 5818
8 1738
4 8942
8 6767
2 2814
5 4095
2 1266
2 7757
9 9936
7 9704
8 443
7 5385
2 8611
4 9907
4 3386
3 6122
6 7079
6 9830
7 8274
7 3437
2 793
7 6424
5 365
8 6586
7 4099
5 5571
8 5128
6 5798
5 9446
3 4254
2 1794
2 1092
3 940
5 1247
8 224
6 3006
3 4921
9 5780
9 9965
9 8292
2 5010
2 8606
4 3876
7 229
5 9166
5 8859
3 3915
2 6186
9 7227
3 6773
5 4822
6 4821
9 5563
3 7734
2 5672
5 9592
4 2595
8 3524
9 1659
4 2498
4 941
8 1787
3 4014
7 6064
3 8111
8 5044
7 2618
3 9028
7 3171
5 61
5 5494
7 5878
3 6907
4 7264
9 5860
5 5745
4 177
6 8011
9 8209
5 1784
2 3265
6 5605
5 3046
4 6768
3 4101
7 1412
5 9186
4 4036
8 9397
6 1013
3 3767
8 2059
2 642
8 8135
5 498
9 7876
5 3100
3 2351
4 819
9 8715
2 2301
9 867
9 122
9 3933
9 8908
4 4776
5 1704
6 2972
4 9610
5 254
6 3731
4 6576
9 7963
9 9329
9 4398
6 6407
5 875
5 8187
7 4882
2 6868
8 7067
7 2818
5 1185
8 174
5 3249
6 9960
6 4910
2 6515
3 1815
6 4360
7 6592
2 9265
6 747
6 4817
7 5924
8 2124
9 6035
8 819
6 7084
3 719
7 7773
9 18
5 3567
7 1908
8 8730
7 4300
4 9741
7 5494
2 7369
2 5173
7 4702
3 8989
3 8591
2 4309
5 801
6 2361
8 2060
5 7609
5 5264
7 3714
4 8490
8 5669
9 4283
5 7775
6 7827
7 1297
3 6598
8 9618
8 94
9 865
9 1660
4 2173
2 1957
8 2051
8 2004
7 7568
8 6483
7 1430
8 753
7 8770
6 8506
6 3814
3 6706
2 295
3 64
2 400
6 7091
8 1796
2 8708
9 8974
2 5965
9 7559
2 6132
7 9567
7 898
3 8170
7 4757
2 4510
2 1768
7 4617
2 8669
3 9908
2 3943
2 7513
6 8256
9 9716
7 3030
5 3021
5 5320
6 8752
5 7278
4 5624
5 5258
8 3499
5 7643
6 5211
2 9486
2 4777
7 9528
4 2433
2 8777
8 8357
2 8481
5 3675
4 6671
5 21
7 9350
7 5985
2 8483
6 7987
8 305
9 8790
9 7375
9 3220
9 2209
8 7392
5 508
7 5499
7 9832
8 2791
2 7953
6 6805
9 1161
8 4616
6 1331
5 2122
6 8506
3 1427
3 7184
9 5489
4 9357
3 3085
3 4982
2 5207
9 4110
8 4023
9 3515
6 2071
6 2675
9 673
8 1994
5 5642
7 6412
7 9086
7 772
9 5695
4 3808
6 6347
9 3716
4 6310
4 5905
7 2593
6 3865
2 448
6 407
3 6898
4 269
6 5607
3 8665
7 6630
8 1973
7 5920
7 7457
5 7276
7 174
4 1703
9 6623
3 8203
3 8017
5 9733
3 9773
2 7179
4 1876
4 6723
8 183
4 6332
6 2031
6 642
3 7223
8 7014
7 7857
8 2532
2 5719
9 7673
2 9387
9 4865
2 391
6 5554
5 7534
7 9161
8 8335
7 6226
9 449
6 6208
3 1139
8 7774
6 996
5 9828
5 7394
8 3156
7 1261
7 2293
6 6418
9 6623
2 6477
3 8022
6 7630
3 5179
2 3821
5 8457
2 3666
9 308
8 9242
3 7730
7 343
8 9770
6 5259
2 2312
7 9911
9 5630
6 1072
6 1201
9 605
6 9487
5 6824
2 5739
4 6879
2 5152
4 8889
4 9111
2 120
3 3540
6 7297
6 3409
3 1139
9 9949
6 5396
8 7267
3 235
4 6780
5 1050
2 3901
3 4920
7 6755
3 8288
4 9393
2 7452
7 6492
7 1489
8 4662
6 1645
6 4840
3 8466
5 9395
7 5213
9 8464
9 5047
7 6897
9 7771
6 128
5 5871
3 7171
5 1510
2 4424
9 6270
9 1980
5 51
6 1309
7 5280
2 9923
7 9583
5 9461
9 753
8 950
6 10
9 7287
3 9656
4 1908
9 826
7 6870
2 1772
4 7716
9 2023
3 6692
9 6081
9 500
2 1355
3 6647
6 9023
8 3336
4 7733
9 7619
7 7785
2 4908
6 2213
5 4764
3 6981
2 2160
6 1505
6 9011
4 1820
2 5955
9 2177
4 7987
3 6552
5 6587
7 8298
8 8027
5 86
9 3751
5 7418
6 2636
2 996
6 6108
8 1
2 2792
7 984
5 7700
3 7702
9 4362
8 3362
7 1244
6 1508
9 447
4 1262
9 3894
3 9067
4 5785
9 7679
7 5269
2 7013
8 8557
7 9513
3 7511
9 4648
3 4174
4 9175
4 2374
5 3745
7 8629
9 3372
5 40
9 5406
3 8855
7 4071
6 3469
6 8538
4 1786
6 987
3 7971
5 7522
3 9997
3 267
5 3732
6 1544
4 1724
7 7589
6 3708
5 3942
5 8784
7 9392
7 1801
4 6983
5 8686
4 9236
4 9957
9 5155
4 9808
9 8677
7 2139
8 2255
9 1491
6 1980
9 9192
4 6819
2 6639
5 2934
2 6845
7 8380
6 4240
2 2190
7 727
3 504
2 5472
7 429
6 2107
6 4179
8 5232
9 1502
2 1137
3 5105
2 7236
9 8921
3 4308
7 9613
6 7621
5 2746
7 8205
4 5237
7 5135
4 3993
5 7406
7 7193
8 3388
9 9767
8 9720
2 8654
6 5615
9 7390
5 7580
5 4824
4 1511
4 3551
6 9876
6 9745
5 7158
5 8606
6 968
2 9906
6 7199
3 1586
2 7249
3 228
2 520
4 1844
7 7326
6 3303
7 6942
8 1257
4 4698
4 8181
2 7445
6 9124
7 8940
8 1826
5 5056
6 9411
3 5
2 4226
8 9962
8 4979
2 9090
4 8829
2 7840
8 9202
4 7441
9 7098
8 6875
8 2356
9 5252
8 4659
6 3946
8 1670
2 6414
2 830
3 1966
3 6369
2 6795
9 3440
5 1637
4 9877
8 2729
9 6669
7 3197
3 8124
3 3207
9 1462
3 3206
6 3809
6 5380
9 8701
4 3152
9 4754
5 6622
4 934
5 7188
5 7338
7 4138
9 2226
9 9384
9 2137
9 9486
9 2448
6 9435
4 5017
9 7249
8 2161
4 5141
5 3053
5 1461
6 23
3 1151
3 4918
4 4072
3 8977
2 200
4 8751
8 7417
9 5083
6 161
6 1667
5 170
6 517
2 3447
4 3427
6 3910
4 9909
8 9867
6 6704
5 4677
3 99
7 9500
4 7267
7 2754
8 122
5 5154
7 6678
7 8322
5 3341
3 766
2 9382
6 2923
5 6090
8 6823
4 3082
6 1180
7 9081
2 8384
7 7597
4 1403
9 4053
8 2213
6 4587
9 7927
2 1360
7 1048
8 9722
5 6386
6 3114
3 4959
6 7414
5 5729
9 3171
3 5548
2 5251
2 1192
3 6214
7 6389
3 292
6 5081
6 5714
3 8747
6 2805
7 7600
9 1046
9 4819
6 5050
6 7660
7 1014
2 5342
3 6512
8 8274
8 6291
9 9879
9 8036
2 939
8 3794
8 5538
9 7523
4 5222
4 2050
3 3382
6 6941
4 8026
5 4251
2 6925
5 2606
9 6194
3 2567
3 8184
5 3738
5 4353
6 1514
5 483
7 5733
3 7607
9 2098
8 7588
9 2032
8 9699
5 1686
2 6103
6 8175
3 9541
8 1074
7 7697
6 3200
4 2344
4 4645
5 104
5 1236
9 866
8 5053
8 8726
8 420
3 2425
4 1401
2 2750
2 7177
5 3023
6 6368
2 3064
3 9123
3 635
2 940
5 6851
3 1155
8 1863
2 2524
7 5998
3 1718
2 7755
9 6952
4 5400
4 9149
9 2382
8 5495
8 1439
4 3559
4 1091
6 5518
8 9381
3 8364
6 9233
3 8186
2 6538
2 8
7 5728
2 1151
2 7442
7 2255
2 5819
8 4327
4 8721
8 2036
6 8738
4 6810
9 579
9 5716
7 2416
8 1397
4 6510
7 9599
8 1069
9 6070
2 1052
7 7392
9 2428
9 6833
7 9606
7 17
2 9128
5 9168
5 8354
6 5872
4 1490
7 6076
2 1378
6 6591
2 2779
7 3664
9 3691
2 9758
9 9128
9 3620
8 8164
7 9782
6 6816
8 7000
5 6538
2 2293
6 9198
4 6029
2 6750
6 5728
3 4337
2 6064
6 3153
8 499
3 5117
9 7367
3 460
7 574
7 5156
8 8800
8 9502
7 9723
6 8519
2 5629
7 1076
7 7502
7 7102
8 9794
9 2092
7 8888
3 765
9 491
3 2460
3 4854
2 1343
8 9311
7 3804
4 5898
5 1138
9 7593
8 2884
9 331
4 5014
7 2945
4 6771
3 668
2 792
9 1465
7 8576
2 7221
9 9030
6 3468
4 1918
8 5158
2 893
9 7974
4 550
4 6468
6 4783
8 5375
4 7599
5 5442
2 3554
6 7997
4 5932
4 1105
4 8103
7 7797
7 292
5 9430
